NAME : single
TYPE : ATSP
DIMENSION : 10
EDGE_WEIGHT_TYPE : EXPLICIT
EDGE_WEIGHT_FORMAT : FULL_MATRIX
EDGE_WEIGHT_SECTION
0 75 312 519 492 1652 1461 1284 1766 1376 
199958 0 387 625 548 1618 1427 1250 1732 1342 
199916 387 0 269 230 1964 1773 1596 2079 1688 
199882 625 269 0 76 2156 1965 1803 2286 1895 
199888 548 230 76 0 2130 1939 1777 2259 1869 
199681 1618 1964 2156 2130 0 452 747 610 841 
199719 1427 1773 1965 1939 452 0 295 795 389 
199754 1250 1596 1803 1777 747 295 0 797 136 
199658 1732 2079 2286 2259 610 795 797 0 890 
199736 1342 1688 1895 1869 841 389 136 890 0 
EOF